-- v TEXTURE
23.80, 21.30, 23.80, 21.30, 14.20, 47.50, 14.20, 47.50
14.20, 47.50, 14.20, 47.50, 9.60, 47.50, 9.60, 47.50
9.60, 47.50, 9.60, 47.50, 0.00, 21.30, 0.00, 21.30
0.00, 21.30, 0.00, 21.30, 4.45, 21.30, 4.45, 21.30
4.45, 21.30, 4.45, 21.30, 12.00, 42.50, 12.00, 42.50
12.00, 42.50, 12.00, 42.50, 19.50, 21.30, 19.50, 21.30
19.50, 21.30, 19.50, 21.30, 23.80, 21.30, 23.80, 21.30
-- 0 TEXTURE
42.80, 11.75, 45.07, 11.75, 46.95, 12.26, 48.45, 13.27
48.45, 13.27, 49.95, 14.29, 51.13, 15.67, 52.00, 17.40
52.00, 17.40, 52.87, 19.13, 53.48, 21.09, 53.85, 23.27
53.85, 23.27, 54.22, 25.46, 54.40, 27.72, 54.40, 30.05
54.40, 30.05, 54.40, 32.38, 54.22, 34.64, 53.85, 36.83
53.85, 36.83, 53.48, 39.01, 52.87, 40.98, 52.00, 42.73
52.00, 42.73, 51.13, 44.48, 49.95, 45.86, 48.45, 46.88
48.45, 46.88, 46.95, 47.89, 45.07, 48.40, 42.80, 48.40
42.80, 48.40, 40.53, 48.40, 38.65, 47.89, 37.15, 46.88
37.15, 46.88, 35.65, 45.86, 34.47, 44.48, 33.60, 42.73
33.60, 42.73, 32.73, 40.98, 32.12, 39.01, 31.75, 36.83
31.75, 36.83, 31.38, 34.64, 31.20, 32.38, 31.20, 30.05
31.20, 30.05, 31.20, 27.72, 31.38, 25.46, 31.75, 23.27
31.75, 23.27, 32.12, 21.09, 32.73, 19.13, 33.60, 17.40
33.60, 17.40, 34.47, 15.67, 35.65, 14.29, 37.15, 13.27
37.15, 13.27, 38.65, 12.26, 40.53, 11.75, 42.80, 11.75
42.80, 15.55, 40.23, 15.55, 38.34, 16.87, 37.13, 19.50
37.13, 19.50, 35.91, 22.13, 35.30, 25.65, 35.30, 30.05
35.30, 30.05, 35.30, 32.18, 35.44, 34.13, 35.73, 35.88
35.73, 35.88, 36.01, 37.63, 36.43, 39.12, 37.00, 40.35
37.00, 40.35, 37.00, 40.35, 39.25, 43.40, 39.25, 43.40
46.85, 17.20, 45.75, 16.10, 44.40, 15.55, 42.80, 15.55
50.30, 30.05, 50.30, 28.12, 50.18, 26.35, 49.95, 24.75
49.95, 24.75, 49.72, 23.15, 49.37, 21.73, 48.90, 20.50
48.90, 20.50, 48.90, 20.50, 46.85, 17.20, 46.85, 17.20
39.25, 43.40, 40.25, 44.20, 41.43, 44.60, 42.80, 44.60
42.80, 44.60, 44.53, 44.60, 45.95, 44.00, 47.05, 42.80
47.05, 42.80, 48.15, 41.60, 48.97, 39.91, 49.50, 37.73
49.50, 37.73, 50.03, 35.54, 50.30, 32.98, 50.30, 30.05
-- 1 TEXTURE
73.40, 47.50, 73.40, 47.50, 73.40, 22.15, 73.40, 22.15
73.40, 22.15, 73.40, 22.15, 64.05, 22.15, 64.05, 22.15
64.05, 22.15, 64.05, 22.15, 64.05, 18.85, 64.05, 18.85
64.05, 18.85, 66.12, 18.75, 67.76, 18.62, 68.97, 18.45
68.97, 18.45, 70.19, 18.28, 71.13, 17.98, 71.80, 17.55
71.80, 17.55, 72.47, 17.12, 72.99, 16.48, 73.38, 15.63
73.38, 15.63, 73.76, 14.78, 74.13, 13.62, 74.50, 12.15
74.50, 12.15, 74.50, 12.15, 77.80, 12.15, 77.80, 12.15
77.80, 12.15, 77.80, 12.15, 77.80, 47.50, 77.80, 47.50
77.80, 47.50, 77.80, 47.50, 73.40, 47.50, 73.40, 47.50
-- 2 TEXTURE
116.30, 43.65, 116.30, 43.65, 116.30, 47.50, 116.30, 47.50
116.30, 47.50, 116.30, 47.50, 92.70, 47.50, 92.70, 47.50
92.70, 47.50, 92.90, 44.77, 93.32, 42.49, 93.95, 40.67
93.95, 40.67, 94.58, 38.86, 95.59, 37.27, 96.98, 35.90
96.98, 35.90, 98.36, 34.53, 100.25, 33.20, 102.65, 31.90
102.65, 31.90, 102.65, 31.90, 107.30, 29.35, 107.30, 29.35
107.30, 29.35, 108.87, 28.48, 110.05, 27.47, 110.85, 26.32
110.85, 26.32, 111.65, 25.17, 112.05, 23.83, 112.05, 22.30
112.05, 22.30, 112.05, 20.33, 111.52, 18.72, 110.45, 17.47
110.45, 17.47, 109.38, 16.22, 107.73, 15.60, 105.50, 15.60
105.50, 15.60, 102.93, 15.60, 101.07, 16.40, 99.90, 18.00
99.90, 18.00, 98.73, 19.60, 98.07, 21.68, 97.90, 24.25
97.90, 24.25, 97.90, 24.25, 93.50, 24.25, 93.50, 24.25
93.50, 24.25, 93.63, 20.25, 94.71, 17.17, 96.73, 15.00
96.73, 15.00, 98.74, 12.83, 101.72, 11.75, 105.65, 11.75
105.65, 11.75, 108.05, 11.75, 110.06, 12.22, 111.68, 13.17
111.68, 13.17, 113.29, 14.12, 114.51, 15.39, 115.33, 16.97
115.33, 16.97, 116.14, 18.56, 116.55, 20.33, 116.55, 22.30
116.55, 22.30, 116.55, 26.77, 114.07, 30.32, 109.10, 32.95
109.10, 32.95, 109.10, 32.95, 104.10, 35.60, 104.10, 35.60
104.10, 35.60, 102.00, 36.73, 100.44, 37.94, 99.43, 39.23
99.43, 39.23, 98.41, 40.51, 97.82, 41.98, 97.65, 43.65
97.65, 43.65, 97.65, 43.65, 116.30, 43.65, 116.30, 43.65
-- 3 TEXTURE
135.55, 30.95, 135.55, 30.95, 133.10, 30.95, 133.10, 30.95
133.10, 30.95, 133.10, 30.95, 133.10, 27.20, 133.10, 27.20
133.10, 27.20, 134.80, 27.27, 136.31, 27.18, 137.63, 26.95
137.63, 26.95, 138.94, 26.72, 139.98, 26.17, 140.73, 25.32
140.73, 25.32, 141.48, 24.47, 141.85, 23.22, 141.85, 21.55
141.85, 21.55, 141.85, 19.58, 141.26, 18.10, 140.08, 17.10
140.08, 17.10, 138.89, 16.10, 137.38, 15.60, 135.55, 15.60
135.55, 15.60, 133.32, 15.60, 131.63, 16.19, 130.48, 17.38
130.48, 17.38, 129.33, 18.56, 128.72, 20.47, 128.65, 23.10
128.65, 23.10, 128.65, 23.10, 124.25, 23.10, 124.25, 23.10
124.25, 23.10, 124.32, 19.37, 125.33, 16.54, 127.30, 14.63
127.30, 14.63, 129.27, 12.71, 132.02, 11.75, 135.55, 11.75
135.55, 11.75, 138.72, 11.75, 141.30, 12.55, 143.30, 14.15
143.30, 14.15, 145.30, 15.75, 146.30, 18.17, 146.30, 21.40
146.30, 21.40, 146.30, 23.10, 145.89, 24.61, 145.08, 25.92
145.08, 25.92, 144.26, 27.24, 143.00, 28.22, 141.30, 28.85
141.30, 28.85, 143.40, 29.55, 144.93, 30.62, 145.90, 32.05
145.90, 32.05, 146.87, 33.48, 147.35, 35.30, 147.35, 37.50
147.35, 37.50, 147.35, 39.77, 146.84, 41.72, 145.83, 43.35
145.83, 43.35, 144.81, 44.98, 143.41, 46.23, 141.63, 47.10
141.63, 47.10, 139.84, 47.97, 137.77, 48.40, 135.40, 48.40
135.40, 48.40, 127.87, 48.40, 123.90, 44.63, 123.50, 37.10
123.50, 37.10, 123.50, 37.10, 127.95, 37.10, 127.95, 37.10
127.95, 37.10, 128.08, 39.53, 128.75, 41.38, 129.95, 42.65
129.95, 42.65, 131.15, 43.92, 133.02, 44.55, 135.55, 44.55
135.55, 44.55, 138.12, 44.55, 139.98, 43.86, 141.15, 42.48
141.15, 42.48, 142.32, 41.09, 142.90, 39.45, 142.90, 37.55
142.90, 37.55, 142.90, 33.15, 140.45, 30.95, 135.55, 30.95
-- 4 TEXTURE
169.20, 47.50, 169.20, 47.50, 169.20, 38.60, 169.20, 38.60
169.20, 38.60, 169.20, 38.60, 154.10, 38.60, 154.10, 38.60
154.10, 38.60, 154.10, 38.60, 154.10, 34.10, 154.10, 34.10
154.10, 34.10, 154.10, 34.10, 169.60, 12.25, 169.60, 12.25
169.60, 12.25, 169.60, 12.25, 173.45, 12.25, 173.45, 12.25
173.45, 12.25, 173.45, 12.25, 173.45, 34.80, 173.45, 34.80
173.45, 34.80, 173.45, 34.80, 178.70, 34.80, 178.70, 34.80
178.70, 34.80, 178.70, 34.80, 178.70, 38.60, 178.70, 38.60
178.70, 38.60, 178.70, 38.60, 173.45, 38.60, 173.45, 38.60
173.45, 38.60, 173.45, 38.60, 173.45, 47.50, 173.45, 47.50
173.45, 47.50, 173.45, 47.50, 169.20, 47.50, 169.20, 47.50
157.75, 34.80, 157.75, 34.80, 169.20, 34.80, 169.20, 34.80
169.20, 34.80, 169.20, 34.80, 169.20, 18.60, 169.20, 18.60
169.20, 18.60, 169.20, 18.60, 157.75, 34.80, 157.75, 34.80
-- 5 TEXTURE
188.80, 12.55, 188.80, 12.55, 207.10, 12.55, 207.10, 12.55
207.10, 12.55, 207.10, 12.55, 207.10, 16.40, 207.10, 16.40
207.10, 16.40, 207.10, 16.40, 192.40, 16.40, 192.40, 16.40
192.40, 16.40, 192.40, 16.40, 190.95, 26.60, 190.95, 26.60
190.95, 26.60, 191.92, 25.73, 192.98, 25.13, 194.15, 24.80
194.15, 24.80, 195.32, 24.47, 196.50, 24.30, 197.70, 24.30
197.70, 24.30, 199.80, 24.30, 201.70, 24.77, 203.40, 25.72
203.40, 25.72, 205.10, 26.67, 206.45, 28.02, 207.45, 29.77
207.45, 29.77, 208.45, 31.52, 208.95, 33.62, 208.95, 36.05
208.95, 36.05, 208.95, 38.42, 208.46, 40.53, 207.48, 42.40
207.48, 42.40, 206.49, 44.27, 205.10, 45.73, 203.30, 46.80
203.30, 46.80, 201.50, 47.87, 199.33, 48.40, 196.80, 48.40
196.80, 48.40, 195.80, 48.40, 194.68, 48.27, 193.45, 48.00
193.45, 48.00, 192.22, 47.73, 191.01, 47.26, 189.83, 46.58
189.83, 46.58, 188.64, 45.89, 187.62, 44.93, 186.75, 43.70
186.75, 43.70, 185.88, 42.47, 185.32, 40.88, 185.05, 38.95
185.05, 38.95, 185.05, 38.95, 189.50, 38.95, 189.50, 38.95
189.50, 38.95, 190.50, 42.68, 192.93, 44.55, 196.80, 44.55
196.80, 44.55, 199.33, 44.55, 201.24, 43.78, 202.53, 42.23
202.53, 42.23, 203.81, 40.68, 204.45, 38.68, 204.45, 36.25
204.45, 36.25, 204.45, 33.82, 203.84, 31.83, 202.63, 30.30
202.63, 30.30, 201.41, 28.77, 199.52, 28.00, 196.95, 28.00
196.95, 28.00, 195.55, 28.00, 194.31, 28.27, 193.23, 28.82
193.23, 28.82, 192.14, 29.37, 191.13, 30.27, 190.20, 31.50
190.20, 31.50, 190.20, 31.50, 186.20, 31.50, 186.20, 31.50
186.20, 31.50, 186.20, 31.50, 188.80, 12.55, 188.80, 12.55
-- 6 TEXTURE
239.65, 20.75, 239.65, 20.75, 235.30, 20.75, 235.30, 20.75
235.30, 20.75, 234.97, 19.22, 234.36, 17.95, 233.48, 16.95
233.48, 16.95, 232.59, 15.95, 231.25, 15.45, 229.45, 15.45
229.45, 15.45, 226.82, 15.45, 224.78, 16.72, 223.33, 19.27
223.33, 19.27, 221.88, 21.82, 221.15, 25.33, 221.15, 29.80
221.15, 29.80, 221.92, 28.43, 223.08, 27.32, 224.63, 26.45
224.63, 26.45, 226.18, 25.58, 227.93, 25.15, 229.90, 25.15
229.90, 25.15, 232.13, 25.15, 234.03, 25.67, 235.58, 26.72
235.58, 26.72, 237.13, 27.77, 238.31, 29.15, 239.13, 30.85
239.13, 30.85, 239.94, 32.55, 240.35, 34.38, 240.35, 36.35
240.35, 36.35, 240.35, 38.45, 239.92, 40.42, 239.05, 42.25
239.05, 42.25, 238.18, 44.08, 236.90, 45.57, 235.20, 46.70
235.20, 46.70, 233.50, 47.83, 231.42, 48.40, 228.95, 48.40
228.95, 48.40, 226.65, 48.40, 224.73, 47.93, 223.18, 46.98
223.18, 46.98, 221.63, 46.03, 220.38, 44.73, 219.45, 43.08
219.45, 43.08, 218.52, 41.43, 217.85, 39.55, 217.45, 37.45
217.45, 37.45, 217.05, 35.35, 216.85, 33.13, 216.85, 30.80
216.85, 30.80, 216.85, 24.77, 217.97, 20.08, 220.20, 16.75
220.20, 16.75, 222.43, 13.42, 225.62, 11.75, 229.75, 11.75
229.75, 11.75, 232.45, 11.75, 234.66, 12.53, 236.38, 14.10
236.38, 14.10, 238.09, 15.67, 239.18, 17.88, 239.65, 20.75
228.90, 28.85, 227.50, 28.85, 226.25, 29.20, 225.15, 29.90
225.15, 29.90, 224.05, 30.60, 223.18, 31.54, 222.55, 32.73
222.55, 32.73, 221.92, 33.91, 221.60, 35.25, 221.60, 36.75
221.60, 36.75, 221.60, 38.25, 221.92, 39.60, 222.55, 40.80
222.55, 40.80, 223.18, 42.00, 224.05, 42.95, 225.15, 43.65
225.15, 43.65, 226.25, 44.35, 227.50, 44.70, 228.90, 44.70
228.90, 44.70, 231.10, 44.70, 232.82, 43.93, 234.05, 42.40
234.05, 42.40, 235.28, 40.87, 235.90, 38.98, 235.90, 36.75
235.90, 36.75, 235.90, 34.52, 235.28, 32.64, 234.05, 31.13
234.05, 31.13, 232.82, 29.61, 231.10, 28.85, 228.90, 28.85
-- 7 TEXTURE
247.25, 12.55, 247.25, 12.55, 270.95, 12.55, 270.95, 12.55
270.95, 12.55, 270.95, 12.55, 270.95, 16.25, 270.95, 16.25
270.95, 16.25, 268.35, 19.88, 266.10, 23.32, 264.20, 26.57
264.20, 26.57, 262.30, 29.82, 260.73, 33.13, 259.48, 36.48
259.48, 36.48, 258.23, 39.83, 257.25, 43.50, 256.55, 47.50
256.55, 47.50, 256.55, 47.50, 251.85, 47.50, 251.85, 47.50
251.85, 47.50, 252.55, 44.57, 253.26, 41.98, 253.98, 39.73
253.98, 39.73, 254.69, 37.48, 255.46, 35.42, 256.28, 33.55
256.28, 33.55, 257.09, 31.68, 258.00, 29.88, 259.00, 28.13
259.00, 28.13, 260.00, 26.38, 261.13, 24.56, 262.38, 22.67
262.38, 22.67, 263.63, 20.79, 265.05, 18.70, 266.65, 16.40
266.65, 16.40, 266.65, 16.40, 247.25, 16.40, 247.25, 16.40
247.25, 16.40, 247.25, 16.40, 247.25, 12.55, 247.25, 12.55
-- 8 TEXTURE
295.85, 28.65, 299.88, 30.65, 301.90, 33.57, 301.90, 37.40
301.90, 37.40, 301.90, 39.57, 301.41, 41.48, 300.43, 43.13
300.43, 43.13, 299.44, 44.78, 298.06, 46.07, 296.28, 47.00
296.28, 47.00, 294.49, 47.93, 292.40, 48.40, 290.00, 48.40
290.00, 48.40, 287.67, 48.40, 285.61, 47.93, 283.82, 47.00
283.82, 47.00, 282.04, 46.07, 280.64, 44.78, 279.63, 43.13
279.63, 43.13, 278.61, 41.48, 278.10, 39.57, 278.10, 37.40
278.10, 37.40, 278.10, 33.57, 280.13, 30.65, 284.20, 28.65
284.20, 28.65, 282.60, 27.68, 281.39, 26.66, 280.57, 25.57
280.57, 25.57, 279.76, 24.49, 279.35, 23.03, 279.35, 21.20
279.35, 21.20, 279.35, 19.33, 279.81, 17.69, 280.73, 16.27
280.73, 16.27, 281.64, 14.86, 282.91, 13.75, 284.53, 12.95
284.53, 12.95, 286.14, 12.15, 287.97, 11.75, 290.00, 11.75
290.00, 11.75, 292.13, 11.75, 293.99, 12.15, 295.57, 12.95
295.57, 12.95, 297.16, 13.75, 298.40, 14.87, 299.30, 16.30
299.30, 16.30, 300.20, 17.73, 300.65, 19.38, 300.65, 21.25
300.65, 21.25, 300.65, 22.92, 300.31, 24.27, 299.63, 25.32
299.63, 25.32, 298.94, 26.37, 297.68, 27.48, 295.85, 28.65
290.00, 15.45, 287.93, 15.45, 286.35, 16.02, 285.25, 17.15
285.25, 17.15, 284.15, 18.28, 283.60, 19.65, 283.60, 21.25
283.60, 21.25, 283.60, 22.78, 284.13, 24.11, 285.20, 25.22
285.20, 25.22, 286.27, 26.34, 287.87, 26.90, 290.00, 26.90
290.00, 26.90, 291.87, 26.90, 293.40, 26.39, 294.60, 25.38
294.60, 25.38, 295.80, 24.36, 296.40, 23.02, 296.40, 21.35
296.40, 21.35, 296.40, 19.55, 295.83, 18.12, 294.68, 17.05
294.68, 17.05, 293.53, 15.98, 291.97, 15.45, 290.00, 15.45
290.00, 30.60, 288.63, 30.60, 287.37, 30.88, 286.20, 31.43
286.20, 31.43, 285.03, 31.98, 284.10, 32.77, 283.40, 33.80
283.40, 33.80, 282.70, 34.83, 282.35, 36.10, 282.35, 37.60
282.35, 37.60, 282.35, 39.03, 282.68, 40.28, 283.35, 41.35
283.35, 41.35, 284.02, 42.42, 284.92, 43.24, 286.07, 43.83
286.07, 43.83, 287.22, 44.41, 288.50, 44.70, 289.90, 44.70
289.90, 44.70, 292.20, 44.70, 294.07, 44.04, 295.50, 42.73
295.50, 42.73, 296.93, 41.41, 297.65, 39.68, 297.65, 37.55
297.65, 37.55, 297.65, 36.02, 297.30, 34.74, 296.60, 33.73
296.60, 33.73, 295.90, 32.71, 294.97, 31.93, 293.80, 31.40
293.80, 31.40, 292.63, 30.87, 291.37, 30.60, 290.00, 30.60
-- 9 TEXTURE
309.45, 39.40, 309.45, 39.40, 313.80, 39.40, 313.80, 39.40
313.80, 39.40, 314.13, 40.93, 314.74, 42.20, 315.63, 43.20
315.63, 43.20, 316.51, 44.20, 317.85, 44.70, 319.65, 44.70
319.65, 44.70, 322.32, 44.70, 324.37, 43.43, 325.80, 40.88
325.80, 40.88, 327.23, 38.33, 327.95, 34.82, 327.95, 30.35
327.95, 30.35, 327.18, 31.72, 326.02, 32.83, 324.47, 33.70
324.47, 33.70, 322.92, 34.57, 321.17, 35.00, 319.20, 35.00
319.20, 35.00, 316.97, 35.00, 315.07, 34.47, 313.52, 33.42
313.52, 33.42, 311.97, 32.37, 310.79, 30.99, 309.97, 29.27
309.97, 29.27, 309.16, 27.56, 308.75, 25.73, 308.75, 23.80
308.75, 23.80, 308.75, 21.70, 309.18, 19.73, 310.05, 17.90
310.05, 17.90, 310.92, 16.07, 312.20, 14.58, 313.90, 13.45
313.90, 13.45, 315.60, 12.32, 317.68, 11.75, 320.15, 11.75
320.15, 11.75, 322.45, 11.75, 324.38, 12.22, 325.93, 13.17
325.93, 13.17, 327.48, 14.12, 328.72, 15.42, 329.65, 17.07
329.65, 17.07, 330.58, 18.72, 331.25, 20.60, 331.65, 22.70
331.65, 22.70, 332.05, 24.80, 332.25, 27.02, 332.25, 29.35
332.25, 29.35, 332.25, 35.38, 331.14, 40.07, 328.93, 43.40
328.93, 43.40, 326.71, 46.73, 323.52, 48.40, 319.35, 48.40
319.35, 48.40, 316.65, 48.40, 314.44, 47.61, 312.72, 46.02
312.72, 46.02, 311.01, 44.44, 309.92, 42.23, 309.45, 39.40
320.20, 31.30, 321.60, 31.30, 322.85, 30.95, 323.95, 30.25
323.95, 30.25, 325.05, 29.55, 325.92, 28.60, 326.55, 27.40
326.55, 27.40, 327.18, 26.20, 327.50, 24.87, 327.50, 23.40
327.50, 23.40, 327.50, 21.90, 327.18, 20.55, 326.55, 19.35
326.55, 19.35, 325.92, 18.15, 325.05, 17.20, 323.95, 16.50
323.95, 16.50, 322.85, 15.80, 321.60, 15.45, 320.20, 15.45
320.20, 15.45, 318.00, 15.45, 316.28, 16.21, 315.05, 17.72
315.05, 17.72, 313.82, 19.24, 313.20, 21.13, 313.20, 23.40
313.20, 23.40, 313.20, 25.63, 313.82, 27.51, 315.05, 29.02
315.05, 29.02, 316.28, 30.54, 318.00, 31.30, 320.20, 31.30
-- . TEXTURE
348.40, 40.70, 348.40, 40.70, 355.20, 40.70, 355.20, 40.70
355.20, 40.70, 355.20, 40.70, 355.20, 47.50, 355.20, 47.50
355.20, 47.50, 355.20, 47.50, 348.40, 47.50, 348.40, 47.50
348.40, 47.50, 348.40, 47.50, 348.40, 40.70, 348.40, 40.70